01001011111001100000000000001010
10001100000000100000000000000000
10001101000111110000000000000000
00000000000000000000000000100010
00000000001000010000100000100010 
01000000000000000000000000000101
00000000000000000000100000100000
01001100100001000000000000011111
00000000101001100011100000100010
10101100000000010000000000000000
00000000000000010001100000100101
00000000000000010010100000100100
10001100000000100000000000000000
10101100011000110000000000010000
01000100110000110000000000000111
00000000111001110011100000100010
00000000111001110011100000100010
01001011111001100000000000001010
00000000000000010000000000100000
00011100000000010000000000001000
00000000000000010000000000100000
01000000000000010000000000001111
00000000000000010000000000100010
11111100000000000000000000000100
00011000001000000000000000001000
00010000001000000000000000000011
00010100001000000000000000000011
00000000111001110011100000100010
00000000111001110011100000100010
00000000111001110011100000100010
00000000111001110011100000100010
00000000000000010000000000100000