00000000000000000000000000100010
00000000001000010000100000100010
00000000010000100001000000100010
00000000011000110001100000100010
00000000100001000010000000100010
00000000101001010010100000100010
00000000110001100011000000100010
01000000010000100000000000000001
01000000100001000000000000000101
10101100001000010000000000000000
10101100010000100000000000000000
01000000101001010000000000000010
00010000000001000000000000001000
00000000010000010001100000100000
01000000010000010000000000000000
01000000011000100000000000000000
01001000101001010000000000000011
10101100101000110000000000000000
01000000101001010000000000000001
01000000000000000000000000000001
11111100000000000000000000001100
11111100000000000000000000010101
00000000000000000000000000000000
00000000000000000000000000000000
00000000000000000000000000000000
00000000000000000000000000000000
00000000000000000000000000000000
00000000000000000000000000000000
00000000000000000000000000000000
00000000000000000000000000000000
00000000000000000000000000000000
00000000000000000000000000000000
